------------------------------------------------------------------------------------------
EXAMPLE INTERPOLATION: StateCovInterpExample1.mat
 
Position vector (km)
+5.224545e+03  -3.775914e+03  -1.125233e+03 (truth)
+6.025120e-05  +8.798968e-05  -4.016793e-05 (old interpolation differences)
+6.025120e-05  +8.798968e-05  -4.016793e-05 (new interpolation differences)
+0.000000e+00  +0.000000e+00  +0.000000e+00 (old-new interpol. differences)
 
Velocity vector (km/s)
+5.406005e+00  +7.592979e+00  -3.530367e+00 (truth)
-2.173872e-07  +1.680602e-07  +4.474194e-08 (old interpolation differences)
-2.173872e-07  +1.680602e-07  +4.474194e-08 (new interpolation differences)
+0.000000e+00  +0.000000e+00  +0.000000e+00 (old-new interpol. differences)
 
Truth covariance matrix (km & km/s units) - condition number = +8.897047e+15
+1.130131e+05  +1.587372e+05  -7.380585e+04  -1.556774e+02  +1.123576e+02  +3.367298e+01
+1.587372e+05  +2.229610e+05  -1.036671e+05  -2.186632e+02  +1.578166e+02  +4.729678e+01
-7.380585e+04  -1.036671e+05  +4.820066e+04  +1.016688e+02  -7.337779e+01  -2.199093e+01
-1.556774e+02  -2.186632e+02  +1.016688e+02  +2.144483e-01  -1.547745e-01  -4.638510e-02
+1.123576e+02  +1.578166e+02  -7.337779e+01  -1.547745e-01  +1.117060e-01  +3.347768e-02
+3.367298e+01  +4.729678e+01  -2.199093e+01  -4.638510e-02  +3.347768e-02  +1.003308e-02
Truth covariance NPD status: cholNPD = 0  &  eigNPD = 0
 
Old interpolation covariance residuals:
+8.304116e-08  +1.942689e-08  +5.501282e-08  +6.284843e-08  +1.586122e-08  +1.001096e-07
+1.942689e-08  -4.129090e-08  -7.333996e-09  +3.716150e-09  -4.568918e-08  +4.160906e-08
+5.501282e-08  -7.333996e-09  +2.753904e-08  +3.678826e-08  -1.125110e-08  +7.431730e-08
+6.284842e-08  +3.716150e-09  +3.678826e-08  +4.922509e-08  -3.778562e-09  +8.946780e-08
+1.586122e-08  -4.568918e-08  -1.125110e-08  -3.778562e-09  -5.530414e-08  +3.698083e-08
+1.001096e-07  +4.160906e-08  +7.431730e-08  +8.946780e-08  +3.698083e-08  +1.283014e-07
Old interpolation median |residual| = +4.144998e-08
Old interpolation NPD status: cholNPD = 1  &  eigNPD = 1
 
New interpolation covariance residuals:
+1.193680e-06  +8.880134e-07  +8.738828e-07  +6.225315e-07  +1.650136e-06  -2.465317e-07
+8.880134e-07  +5.818748e-07  +5.682559e-07  +3.162928e-07  +1.343668e-06  -5.515084e-07
+8.738828e-07  +5.682559e-07  +5.540823e-07  +3.027821e-07  +1.330407e-06  -5.663877e-07
+6.225315e-07  +3.162928e-07  +3.027821e-07  +5.069002e-08  +1.078016e-06  -8.168442e-07
+1.650136e-06  +1.343668e-06  +1.330407e-06  +1.078016e-06  +2.105229e-06  +2.110992e-07
-2.465317e-07  -5.515084e-07  -5.663877e-07  -8.168442e-07  +2.110992e-07  -1.687758e-06
New interpolation median |residual| = +6.225315e-07
New interpolation NPD status: cholNPD = 0  &  eigNPD = 0
 
------------------------------------------------------------------------------------------
EXAMPLE INTERPOLATION: StateCovInterpExample2.mat
 
Position vector (km)
+6.117312e+03  -2.157302e+03  -1.837880e+03 (truth)
-4.378185e-05  -9.775057e-05  +3.511146e-05 (old interpolation differences)
-4.378185e-05  -9.775057e-05  +3.511146e-05 (new interpolation differences)
+0.000000e+00  +0.000000e+00  +0.000000e+00 (old-new interpol. differences)
 
Velocity vector (km/s)
+3.788455e+00  +8.484338e+00  -3.059714e+00 (truth)
+9.562439e-08  -2.931099e-08  -2.969061e-08 (old interpolation differences)
+9.562439e-08  -2.931099e-08  -2.969061e-08 (new interpolation differences)
+0.000000e+00  +0.000000e+00  +0.000000e+00 (old-new interpol. differences)
 
Truth covariance matrix (km & km/s units) - condition number = +8.746287e+16
+5.075381e+05  +1.136756e+06  -4.099411e+05  -1.067432e+03  +3.760343e+02  +3.216974e+02
+1.136756e+06  +2.546044e+06  -9.181636e+05  -2.390776e+03  +8.422211e+02  +7.205203e+02
-4.099411e+05  -9.181636e+05  +3.311115e+05  +8.621703e+02  -3.037248e+02  -2.598366e+02
-1.067432e+03  -2.390776e+03  +8.621703e+02  +2.244977e+00  -7.908591e-01  -6.765800e-01
+3.760343e+02  +8.422211e+02  -3.037248e+02  -7.908591e-01  +2.786034e-01  +2.383452e-01
+3.216974e+02  +7.205203e+02  -2.598366e+02  -6.765800e-01  +2.383452e-01  +2.039044e-01
Truth covariance NPD status: cholNPD = 0  &  eigNPD = 0
 
Old interpolation covariance residuals:
-4.737085e-08  -2.308198e-08  -3.422417e-08  -3.081828e-08  -7.168982e-08  -2.117252e-08
-2.308198e-08  +7.008361e-09  -6.789192e-09  +2.269634e-10  -5.839274e-08  +1.402277e-08
-3.422417e-08  -6.789193e-09  -1.937138e-08  -1.401058e-08  -6.450304e-08  -2.115194e-09
-3.081828e-08  +2.269632e-10  -1.401058e-08  -8.046395e-09  -6.809588e-08  +6.068490e-09
-7.168982e-08  -5.839274e-08  -6.450304e-08  -6.809588e-08  -7.859729e-08  -6.550567e-08
-2.117252e-08  +1.402277e-08  -2.115194e-09  +6.068490e-09  -6.550567e-08  +2.286346e-08
Old interpolation median |residual| = +2.297272e-08
Old interpolation NPD status: cholNPD = 1  &  eigNPD = 1
 
New interpolation covariance residuals:
+5.861254e-07  +1.921081e-07  +2.649922e-07  +2.900678e-07  -4.978367e-07  +1.277534e-06
+1.921081e-07  -2.022230e-07  -1.288781e-07  -1.045273e-07  -8.929732e-07  +8.833511e-07
+2.649922e-07  -1.288781e-07  -5.621030e-08  -3.079429e-08  -8.184450e-07  +9.564790e-07
+2.900678e-07  -1.045273e-07  -3.079429e-08  -7.054127e-09  -7.959557e-07  +9.811711e-07
-4.978367e-07  -8.929732e-07  -8.184450e-07  -7.959557e-07  -1.585792e-06  +1.929808e-07
+1.277534e-06  +8.833511e-07  +9.564790e-07  +9.811711e-07  +1.929808e-07  +1.968855e-06
New interpolation median |residual| = +4.978367e-07
New interpolation NPD status: cholNPD = 0  &  eigNPD = 0